version https://git-lfs.github.com/spec/v1
oid sha256:28d8e90f4ba0d55fe631aca4b81a5dff439006ac636959f4a8d59a0b464b4821
size 2556
